48
166
178
90
25
134
181
45
193
61
41
86
10
118
142
58
88
113
191
78
185
145
123
86
158
88
161
91
156
123
7
34
145
99
53
101
141
160
120
10
75
156
171
16
6
183
158
121
90
190
45
142
170
168
190
67
176
141
6
120
50
124
15
141
189
50
192
65
94
28
161
16
101
99
141
97
78
118
171
69
142
8
105
176
116
111
84
191
138
94
155
67
193
28
76
10
119
104
1
166
182
188
130
40
48
118
30
58
23
163
98
97
14
148
193
189
65
80
142
113
32
158
15
185
40
184
52
83
15
68
190
93
21
91
29
134
36
114
115
150
174
13
125
99
18
89
1
70
116
48
56
22
68
124
118
168
143
189
169
74
76
106
85
37
164
56
152
184
36
107
133
43
152
0
197
154
110
114
29
106
88
103
170
76
56
183
58
189
118
163
167
147
171
139
110
160
137
119
112
30
53
69
27
27
159
74
159
12
194
38
124
7
60
128
171
47
112
13
174
65
196
80
157
128
21
126
119
4
198
181
96
63
82
73
69
174
121
117
41
66
130
69
138
141
68
31
33
83
0
0
47
64
69
68
68
72
157
128
94
172
107
130
41
186
150
27
83
199
160
57
195
128
148
85
188
76
69
199
147
99
197
122
156
31
128
171
190
64
118
32
98
153
12
64
32
50
136
121
37
95
121
97
181
96
163
49
33
121
83
103
115
81
186
178
148
158
187
75
121
175
5
66
197
18
153
97
25
55
66
67
130
50
25
161
88
9
97
34
54
190
183
134
125
11
86
66
59
78
8
92
8
52
94
180
31
59
86
53
191
22
191
46
63
149
177
50
23
8
100
192
153
54
68
181
191
107
98
20
161
197
105
115
189
62
198
6
154
95
114
148
182
36
142
52
193
154
11
13
30
81
182
132
53
117
92
40
168
96
95
91
148
149
155
33
125
78
85
97
31
131
46
161
22
155
63
135
73
72
171
33
163
112
141
39
115
188
64
174
42
188
25
177
156
97
81
106
138
1
50
136
192
72
164
195
119
95
24
49
77
199
139
120
13
116
104
1
162
164
113
99
194
87
60
111
117
152
148
9
42
141
138
22
55
3
106
124
97
173
16
0
11
148
108
126
168
173
161
81
15
118
