400
417
40
77
484
48
272
376
91
54
98
422
155
414
144
334
92
348
455
162
208
99
358
398
392
90
443
252
72
144
134
470
482
383
66
114
401
50
126
74
22
201
251
47
471
308
457
113
301
239
192
471
395
94
65
256
53
70
196
481
289
461
88
449
158
414
236
30
57
42
441
30
18
428
89
197
445
277
259
314
270
484
410
379
9
63
449
7
155
258
404
388
9
54
273
280
163
348
410
371
149
16
96
292
96
218
159
139
341
201
297
3
446
491
271
448
496
214
190
90
392
431
199
492
28
155
307
348
355
490
237
345
447
122
450
0
418
401
39
333
40
258
19
399
416
70
152
341
222
84
375
193
286
461
61
322
170
275
253
131
185
187
446
331
342
336
118
282
56
252
489
209
425
362
301
93
156
196
474
126
142
146
270
330
142
391
165
10
196
381
495
131
44
337
34
30
445
85
44
60
438
92
311
138
119
145
299
254
291
334
63
332
133
24
13
451
315
125
61
208
190
236
370
417
248
98
106
9
477
108
140
38
258
141
170
364
328
216
166
74
123
82
283
43
248
55
3
361
58
0
455
95
167
145
289
30
413
24
119
387
191
277
221
111
69
370
130
141
37
455
393
194
155
377
197
241
134
434
205
185
188
488
314
205
168
359
102
0
455
404
266
413
93
142
7
445
334
107
152
322
311
89
11
371
387
13
498
180
361
220
148
130
323
266
66
344
79
385
460
221
480
27
275
185
206
446
427
486
166
146
311
157
444
299
420
129
114
230
472
18
425
430
355
297
442
423
138
327
432
459
418
439
311
146
343
270
114
364
475
141
19
107
460
42
220
122
86
148
487
111
234
474
160
477
442
295
22
39
79
303
425
422
32
106
394
377
483
454
60
210
382
379
79
294
128
475
21
367
349
136
83
44
484
249
325
207
164
397
491
389
26
406
438
259
207
337
346
293
13
393
326
361
339
14
99
315
362
469
39
333
113
443
238
3
50
462
93
282
137
0
257
30
248
490
258
44
26
236
379
445
452
408
158
161
27
402
427
191
297
167
348
46
146
154
382
391
446
362
222
157
483
135
56
6
40
189
295
40
339
326
366
89
60
163
480
34
202
319
493
228
175
413
68
287
251
426
143
193
207
46
129
405
173
272
376
441
198
60
25
214
330
346
290
339
282
496
152
82
94
262
480
386
88
30
396
154
56
305
452
204
254
456
139
133
287
172
202
250
329
57
407
405
344
159
324
14
345
138
13
387
353
419
451
399
182
50
227
400
179
283
416
58
35
384
143
248
466
46
333
232
260
83
32
403
194
19
302
432
246
72
476
300
308
70
173
398
65
149
140
310
499
340
195
335
179
253
429
321
286
256
17
285
272
371
249
183
221
448
318
377
404
290
401
438
281
154
382
289
190
44
481
362
314
222
141
470
445
407
420
286
325
316
169
6
428
451
22
48
348
480
218
20
199
189
17
158
206
269
251
127
442
82
301
417
98
209
445
237
178
178
91
250
149
441
399
408
243
439
261
438
370
8
217
26
170
362
132
252
309
335
305
250
195
301
399
194
147
111
49
41
52
460
287
133
493
403
122
23
434
411
388
132
249
4
409
95
110
29
391
110
88
190
28
405
75
176
213
280
329
259
59
275
335
62
219
418
360
420
482
125
10
108
373
123
147
336
407
197
314
358
309
105
356
356
426
134
191
343
327
419
210
229
426
496
428
67
369
234
315
361
358
336
457
219
7
392
451
461
371
248
224
442
365
449
87
230
278
159
73
4
312
341
298
52
132
159
430
469
65
47
198
487
180
351
249
490
148
345
49
216
168
471
224
147
372
268
319
446
341
18
84
308
194
365
157
158
138
171
479
322
471
184
28
497
331
50
456
425
199
155
95
480
416
200
342
124
392
152
367
162
249
205
32
425
252
46
140
313
342
4
122
154
239
464
337
122
357
231
187
300
59
264
20
441
168
370
94
200
448
417
87
26
360
63
251
78
439
92
488
284
292
131
450
407
84
167
180
19
263
218
120
277
312
292
34
233
476
452
234
415
270
352
449
59
302
171
399
279
144
331
49
498
416
15
270
137
21
103
81
208
121
98
371
328
382
107
381
171
91
69
151
453
331
170
172
212
461
497
208
24
65
444
375
432
9
421
47
232
17
25
165
314
255
342
452
256
430
301
76
359
47
63
168
215
433
442
155
354
174
36
459
191
428
241
423
494
225
291
369
407
311
138
212
358
248
40
63
33
218
321
392
405
382
239
495
285
75
246
474
424
364
217
410
390
317
221
137
130
335
432
195
202
151
450
399
342
19
21
475
229
210
16
349
495
242
56
72
38
366
290
182
17
371
298
446
19
355
159
144
436
495
267
119
256
195
230
473
386
224
101
254
262
144
335
430
84
122
8
76
137
226
252
163
135
236
23
180
283
486
485
321
484
267
403
415
104
325
298
105
165
233
204
62
233
339
438
305
444
485
440
316
181
135
93
300
365
177
272
280
407
111
182
479
154
157
266
109
226
138
418
172
388
418
110
309
93
479
460
296
321
27
57
288
238
165
94
190
234
15
472
251
309
333
485
417
190
409
41
322
130
337
35
229
90
28
84
388
382
121
193
332
464
315
370
122
22
57
351
175
485
297
3
430
480
50
99
101
246
309
188
139
190
304
111
406
455
374
126
238
307
187
410
151
251
71
332
189
469
90
11
422
23
364
360
447
315
150
207
199
170
251
264
256
12
78
301
487
450
94
105
16
396
183
115
499
186
328
418
97
444
485
459
316
295
121
314
397
154
66
10
247
271
309
315
153
58
2
227
423
6
236
15
84
481
395
440
69
7
234
384
349
350
111
238
404
331
246
328
478
271
430
51
183
325
74
77
35
293
289
102
26
496
414
105
101
262
313
453
432
148
232
480
391
378
219
435
149
221
109
472
333
76
81
67
490
69
494
249
309
100
250
441
95
258
290
149
444
204
40
126
220
323
378
336
320
146
479
288
241
258
124
92
366
265
177
133
222
423
481
69
329
213
441
128
219
426
120
73
219
11
417
205
299
461
40
303
482
482
46
266
213
5
310
481
268
183
160
332
139
210
22
468
167
408
474
69
22
302
134
231
111
429
143
250
181
262
240
471
232
103
431
367
113
43
292
300
496
133
328
211
215
103
52
29
166
229
243
197
78
30
477
38
322
130
106
72
439
103
374
137
84
431
401
386
484
133
1
3
481
395
254
269
267
63
338
13
6
465
321
70
265
321
478
244
343
432
206
330
361
67
64
452
17
307
172
406
404
58
324
13
286
205
313
233
446
12
121
199
58
155
269
316
299
470
491
80
321
89
402
43
101
326
406
15
180
345
154
264
323
389
447
400
482
426
64
359
360
492
267
292
258
356
110
174
198
427
58
28
256
416
233
255
67
138
340
155
250
174
470
225
468
421
149
310
489
186
228
20
48
62
182
141
253
429
221
379
428
170
142
473
292
499
75
105
314
204
416
152
183
334
27
139
46
38
293
400
125
218
31
334
95
178
231
22
80
94
394
141
485
117
186
477
342
224
374
63
175
136
186
143
125
52
380
314
11
246
258
20
119
151
139
61
92
314
421
237
113
1
306
478
151
347
242
438
302
397
103
68
385
290
482
476
216
171
125
359
127
132
78
396
343
12
454
47
239
62
92
280
40
72
160
134
188
364
420
364
109
186
203
331
450
206
339
248
49
462
99
248
103
2
23
75
496
175
12
443
298
482
368
308
116
353
242
351
210
159
416
37
371
148
253
33
14
410
286
281
26
88
104
359
16
435
376
359
13
28
230
457
177
419
119
192
434
144
141
231
491
326
356
293
355
85
112
198
467
332
287
292
364
454
439
222
311
14
157
498
425
81
266
399
376
73
179
362
484
138
390
447
447
475
215
184
46
479
296
463
44
77
54
1
10
200
457
257
89
483
54
385
442
285
219
243
59
49
80
240
224
329
267
47
59
186
54
270
56
256
331
9
174
315
8
426
193
94
425
210
463
75
285
0
492
313
449
488
489
141
39
465
436
445
15
112
469
278
341
280
113
136
335
401
323
29
113
119
383
53
423
79
219
263
170
361
476
33
234
43
82
106
459
199
103
137
229
494
14
109
77
407
388
304
78
85
74
373
352
94
408
74
24
250
28
190
147
218
488
445
44
395
339
172
191
237
64
195
158
416
439
188
12
477
420
167
270
295
208
394
83
189
455
294
31
106
476
17
480
261
241
319
159
317
385
35
299
190
188
25
173
157
40
330
168
243
365
443
330
117
28
367
35
124
234
447
490
358
133
446
424
68
462
295
397
354
384
90
93
475
335
149
151
87
493
110
443
64
342
323
380
460
176
482
182
492
39
468
258
346
448
173
79
62
0
175
189
340
76
149
169
373
330
472
24
299
111
367
38
197
113
472
220
188
194
156
261
444
460
484
345
60
189
2
194
223
392
186
266
205
173
394
200
400
221
59
245
81
283
8
451
482
353
99
31
157
76
195
166
313
492
445
318
134
191
400
168
290
146
431
192
310
386
321
255
246
59
189
421
492
348
355
295
140
257
367
57
416
76
73
478
422
296
161
474
56
163
207
1
227
485
314
5
66
312
412
361
25
450
424
363
275
142
303
191
458
236
380
14
305
493
71
387
343
366
463
75
355
299
288
438
186
307
152
207
89
444
306
82
88
144
442
296
371
492
10
481
94
446
498
478
226
214
27
241
331
335
271
354
3
452
344
63
219
102
253
365
135
51
189
358
155
383
390
489
279
375
401
13
267
413
234
2
309
245
447
483
210
195
300
79
291
103
156
90
0
88
200
54
69
174
189
350
11
289
7
57
10
16
212
249
62
489
478
213
245
486
228
220
439
153
155
400
426
400
497
98
290
307
79
419
118
496
492
51
10
17
260
168
384
175
337
445
124
399
308
134
20
2
245
184
127
403
75
232
95
494
476
469
410
431
426
76
157
325
453
403
150
441
251
419
431
348
221
155
471
127
125
489
317
40
43
319
226
33
64
444
255
433
43
271
466
40
119
122
278
452
442
170
465
111
138
137
127
167
53
301
189
386
368
228
316
32
394
254
174
341
168
71
389
369
433
333
68
101
480
5
392
122
174
326
469
236
331
336
233
225
9
78
251
427
63
46
158
355
469
422
222
304
143
334
486
315
270
277
313
420
329
483
114
381
278
206
429
442
194
89
479
75
292
414
211
443
451
112
313
70
362
46
199
439
267
184
488
208
106
238
262
300
248
453
181
37
347
156
193
59
27
77
342
177
223
268
33
298
440
290
115
419
238
274
474
320
42
157
463
38
122
38
169
165
293
370
158
493
234
453
337
178
56
44
168
9
128
492
286
353
148
83
192
310
327
192
346
495
42
247
244
268
268
53
216
399
418
29
167
196
324
228
373
239
195
420
394
125
274
15
476
132
268
57
68
41
43
472
135
51
149
92
292
328
62
30
497
144
348
441
407
460
51
155
274
385
325
363
115
384
109
103
246
65
14
494
161
29
460
412
206
82
439
184
27
404
321
101
5
308
165
75
210
402
393
141
64
358
342
466
240
115
44
442
212
78
398
20
449
276
391
95
183
307
452
383
378
286
68
239
369
49
337
193
370
254
111
288
219
150
217
376
6
464
37
285
169
272
92
465
37
329
345
452
101
83
109
460
314
24
351
422
98
455
466
40
11
286
468
351
138
197
333
87
74
170
226
432
426
430
110
201
386
489
77
445
255
81
23
441
81
142
251
232
71
199
481
143
244
108
191
467
420
336
330
140
481
25
361
274
19
123
79
210
450
7
16
143
478
347
448
487
421
154
303
162
31
401
40
460
342
82
411
387
216
297
221
495
184
266
283
165
52
146
334
125
472
33
290
428
117
25
126
67
5
143
96
362
334
458
384
131
218
109
349
471
386
460
32
318
451
147
204
363
409
49
99
5
181
50
122
89
444
475
273
168
343
140
294
88
194
78
403
84
415
30
480
194
228
149
196
433
341
442
35
294
101
494
493
89
161
58
336
49
255
42
456
303
408
65
331
95
187
289
152
247
398
405
436
404
15
193
479
188
41
132
13
389
483
219
117
269
114
253
218
476
415
227
119
54
233
470
35
226
253
149
67
108
367
399
397
102
99
13
166
494
291
24
373
241
105
316
474
59
290
444
496
34
86
7
495
408
235
345
418
457
446
426
150
385
358
50
220
469
333
489
260
272
156
45
329
338
433
122
466
272
323
468
176
10
397
57
162
135
498
221
394
126
194
493
344
43
378
143
47
415
53
351
461
69
395
481
91
113
200
424
223
193
222
353
495
83
303
118
498
456
286
343
172
118
309
176
374
421
318
464
155
376
373
339
153
94
174
380
191
75
135
272
8
470
276
468
228
476
384
272
265
252
22
133
69
249
491
324
288
206
406
169
294
131
51
399
162
412
378
405
352
250
318
115
460
488
114
420
111
239
335
362
104
65
491
227
3
89
97
339
452
17
441
20
256
370
164
144
29
62
262
352
156
208
410
38
409
468
171
446
128
425
391
315
151
135
13
304
399
487
398
418
257
335
54
245
433
282
350
351
54
334
207
112
269
397
15
320
27
50
317
50
400
390
445
114
69
241
331
484
285
48
102
260
271
47
264
262
112
389
361
223
356
470
316
311
450
66
413
99
54
99
390
131
445
486
104
173
201
64
480
18
291
295
368
483
104
331
55
25
255
404
187
181
202
23
102
376
123
495
423
363
357
493
391
358
45
388
436
357
129
359
366
53
346
294
75
5
225
154
247
238
16
340
485
435
350
137
33
289
239
310
144
29
71
138
84
36
474
301
157
411
374
156
327
187
276
460
98
141
484
121
390
193
245
128
84
74
161
489
159
275
193
107
320
364
66
461
255
222
338
305
1
28
481
260
401
89
91
323
326
157
91
425
449
468
227
4
296
435
233
154
97
162
32
164
85
494
495
135
380
327
277
86
38
331
257
282
78
427
188
486
195
42
297
153
21
250
407
395
290
498
297
129
105
180
223
458
332
249
174
275
452
468
277
299
179
491
395
476
266
345
236
30
459
242
32
195
331
28
351
71
291
52
131
275
1
441
204
273
463
92
42
372
213
315
346
318
114
258
238
101
226
255
472
115
473
101
248
7
264
403
200
303
332
392
246
426
182
350
3
110
259
398
449
201
47
174
298
117
452
132
447
84
233
182
185
33
225
277
219
475
181
268
349
287
327
287
85
415
485
194
141
188
137
303
25
453
283
77
398
43
286
443
299
221
204
412
112
457
367
357
39
138
267
102
120
70
204
479
491
263
147
168
87
253
23
410
377
354
148
104
124
216
459
78
384
173
47
207
16
130
5
446
85
7
163
146
171
240
361
447
195
286
106
80
19
470
111
69
375
7
139
204
282
317
264
104
443
492
484
311
185
263
480
463
177
244
131
182
387
128
175
209
65
369
403
488
123
129
243
499
254
214
46
265
242
13
334
48
102
453
89
31
102
370
415
400
198
440
0
195
14
262
332
390
384
153
426
21
200
428
169
3
307
27
385
166
24
262
473
76
240
414
301
108
44
307
250
297
415
252
148
144
271
340
222
321
381
389
253
123
317
77
434
11
406
276
491
88
6
258
174
320
260
475
159
156
352
257
39
178
260
135
267
110
207
458
146
409
292
213
334
491
257
473
139
218
97
328
15
307
487
257
78
105
496
175
2
401
124
407
244
198
313
437
161
55
36
345
89
35
183
77
280
438
21
200
334
63
36
322
84
237
364
36
126
330
14
482
392
483
82
79
281
259
239
90
324
460
217
364
307
229
290
105
484
436
123
101
281
283
491
132
367
467
168
244
141
247
56
317
14
55
366
56
74
329
430
161
57
72
11
20
475
367
129
112
350
91
442
166
351
319
189
315
298
41
211
381
108
390
377
384
287
450
0
355
349
236
110
499
363
27
283
224
158
141
121
37
362
308
363
3
295
301
233
277
209
228
102
167
391
407
223
21
450
146
280
195
445
162
132
242
378
93
284
75
337
67
489
46
245
375
479
123
139
376
350
425
121
47
363
38
142
38
203
359
372
290
335
416
361
113
241
424
85
273
174
395
255
248
167
47
481
240
77
298
463
119
225
50
444
277
413
34
138
497
305
17
325
34
119
95
320
92
33
439
60
38
26
274
328
185
480
373
412
208
187
247
299
286
160
175
329
210
162
323
325
6
300
79
487
417
68
104
74
235
383
103
4
423
73
379
364
345
339
381
194
333
419
388
411
154
311
149
442
407
468
100
289
221
290
127
408
64
188
374
215
171
58
74
301
243
436
270
356
263
212
218
346
229
358
414
201
197
262
209
378
191
202
132
419
318
158
56
199
436
309
98
240
330
304
374
371
180
87
474
81
421
95
499
139
72
250
443
492
352
176
268
1
136
175
180
11
477
141
427
194
387
273
137
116
474
127
267
43
488
309
76
267
146
274
159
93
29
239
491
436
122
272
194
427
298
181
59
62
12
316
121
332
279
284
370
92
188
35
233
224
66
377
58
77
289
80
210
305
370
408
10
302
268
387
302
427
446
392
83
2
402
217
27
4
406
195
241
23
81
476
307
89
152
236
160
153
425
434
174
382
10
363
261
389
334
368
340
480
34
378
146
113
482
345
23
131
466
455
256
441
459
246
9
67
383
415
491
475
334
391
425
221
234
113
244
315
269
42
187
241
162
470
179
396
19
326
495
204
351
492
178
122
194
87
138
345
482
422
158
289
1
466
203
376
355
12
465
439
379
15
47
160
288
255
256
115
454
456
154
49
486
261
162
416
78
249
165
171
302
375
146
342
395
470
39
279
53
484
265
148
369
56
356
14
436
414
75
292
29
391
385
58
477
223
98
71
368
255
479
177
0
131
216
190
274
110
347
53
141
306
475
285
224
306
177
99
137
185
74
385
80
234
398
152
314
489
389
314
313
120
234
497
74
133
61
312
264
119
437
170
21
191
144
445
179
68
322
322
376
176
436
406
216
252
407
197
384
399
441
426
378
275
60
406
24
260
463
295
460
141
185
209
62
412
87
397
23
430
450
462
277
302
227
231
160
1
109
161
39
263
84
82
442
450
364
252
374
404
224
331
314
142
128
453
171
232
9
390
493
468
394
329
284
69
416
347
482
85
207
221
469
37
206
179
203
255
494
417
324
34
96
278
30
81
219
89
284
379
444
83
10
272
469
90
86
481
34
291
487
302
209
109
131
163
318
426
48
224
1
61
259
1
474
33
253
110
499
249
48
325
278
348
491
62
5
496
31
304
217
25
3
451
286
418
493
341
335
430
137
55
260
402
392
323
102
479
272
25
440
144
427
103
80
201
16
126
362
271
298
438
380
1
318
9
410
129
322
469
286
38
447
317
189
272
259
215
32
232
0
253
196
54
497
438
17
119
68
345
173
411
47
157
280
171
17
470
36
115
286
9
234
179
29
348
325
220
349
93
99
467
486
92
27
403
166
411
87
472
117
41
60
136
320
456
214
179
472
61
72
360
115
27
137
455
235
123
2
380
90
328
154
46
190
476
132
184
80
436
423
336
293
413
87
251
441
258
95
497
230
114
400
151
63
158
407
243
144
311
383
389
465
474
304
220
297
6
158
483
460
273
420
436
394
293
188
175
153
239
173
247
51
321
172
489
426
242
420
38
466
302
95
77
490
242
415
140
296
499
116
341
119
353
433
466
486
493
318
359
251
6
134
470
350
135
162
474
374
385
219
304
147
433
219
197
315
456
123
436
93
301
463
219
409
139
305
27
334
475
92
386
459
391
331
70
284
64
403
408
335
195
166
79
445
161
381
432
189
241
107
105
388
125
112
305
359
295
454
457
428
102
147
455
306
106
413
216
246
107
361
366
182
443
292
73
216
459
201
443
51
209
370
469
92
147
87
416
230
400
295
270
343
221
482
45
238
11
71
418
0
83
406
497
481
390
89
30
160
147
338
190
487
370
277
447
5
130
118
249
264
460
224
493
188
325
31
468
228
238
182
49
231
101
323
287
50
49
11
82
282
448
397
299
305
33
110
385
31
305
384
225
361
472
434
107
391
44
208
97
134
429
83
59
225
425
113
43
64
114
409
362
323
479
433
198
479
447
375
212
161
278
177
183
431
287
294
385
78
222
186
491
44
341
231
121
471
482
331
354
474
313
171
112
388
465
313
300
214
423
125
147
483
203
237
158
191
14
56
345
279
313
153
182
372
52
492
474
399
256
225
267
484
437
307
46
52
395
177
456
383
195
37
232
471
466
0
21
131
235
134
84
236
366
294
369
439
34
327
201
22
333
406
434
326
292
233
223
174
392
260
456
73
268
6
424
294
145
5
205
416
257
202
235
35
340
257
274
310
342
100
197
229
336
314
487
102
324
0
155
167
29
306
297
12
0
490
498
404
484
230
273
476
175
368
313
333
492
339
401
117
150
279
78
481
499
225
371
425
171
221
433
493
363
346
495
106
172
373
26
148
135
84
96
14
470
169
168
426
103
163
456
126
419
266
280
153
137
45
409
123
383
445
97
111
410
78
181
354
295
81
155
158
413
321
360
212
419
133
335
398
281
68
175
303
403
118
92
278
261
153
331
241
71
230
8
145
333
91
221
373
399
213
463
261
331
111
181
353
44
177
499
109
91
492
311
120
289
398
386
441
77
25
30
108
229
161
474
6
88
207
129
295
67
430
123
168
135
41
57
134
367
59
338
278
270
72
25
358
178
413
280
79
136
410
278
210
475
68
379
239
264
165
7
290
443
351
128
191
125
272
427
414
206
168
0
393
269
235
444
151
194
84
498
417
374
285
177
109
475
187
59
322
388
414
271
448
492
213
344
227
479
110
60
129
280
378
447
218
379
0
115
26
443
205
160
322
294
360
69
187
284
23
187
183
433
257
407
286
227
39
107
280
349
255
56
153
353
224
434
133
179
279
129
190
90
333
269
298
38
371
170
429
357
154
403
180
278
104
19
122
192
64
155
243
482
451
179
338
181
157
360
65
72
389
145
302
293
67
132
377
109
416
179
20
499
243
451
291
377
67
396
72
418
177
112
221
97
314
295
475
13
112
251
252
151
52
75
4
250
455
476
174
477
76
103
5
469
487
65
272
378
172
375
409
120
109
286
115
287
71
152
453
379
157
113
100
136
125
181
429
109
293
2
327
332
86
52
242
25
263
361
22
452
415
232
49
379
152
41
243
185
464
255
338
436
457
418
378
155
297
323
466
488
55
120
100
231
287
258
422
133
233
473
415
78
428
352
397
65
116
474
233
152
73
90
133
113
314
464
494
89
30
119
14
353
206
141
377
385
130
67
396
103
132
200
343
24
491
445
327
237
309
162
432
226
301
438
483
299
33
364
118
264
466
266
480
14
158
137
315
337
461
140
48
395
13
398
222
294
154
27
10
289
275
220
110
95
280
42
41
334
349
409
387
210
68
263
275
478
96
260
389
287
352
143
488
360
184
380
214
276
212
453
382
77
37
423
166
334
441
363
288
48
189
60
447
254
243
295
46
412
457
237
93
307
223
137
291
138
97
64
404
341
279
217
467
283
107
151
131
160
498
187
15
98
499
317
92
197
182
31
412
472
279
312
41
198
7
458
51
496
428
119
200
153
219
298
328
267
495
384
181
455
98
323
250
356
391
213
227
317
192
67
436
238
190
373
213
243
96
304
486
327
109
377
190
432
183
281
377
152
490
25
434
307
392
152
358
92
375
190
432
451
250
292
98
17
285
21
109
95
344
299
350
84
57
228
210
421
490
13
318
400
445
278
264
318
267
266
81
210
393
94
352
411
30
401
6
250
133
328
50
70
346
278
406
377
348
284
382
309
125
46
447
120
317
346
406
429
496
454
252
281
446
55
187
478
174
321
102
284
170
33
377
66
267
37
200
4
90
33
357
357
80
107
74
367
227
192
64
15
52
292
445
124
30
487
12
225
21
297
122
258
228
432
304
395
459
311
396
145
244
252
25
485
300
358
321
169
271
113
317
493
343
65
304
185
148
472
183
424
86
382
32
344
449
199
170
235
120
218
417
493
139
417
442
59
488
181
31
52
346
381
33
203
106
293
309
472
144
264
90
277
0
86
225
105
329
404
341
494
242
428
137
46
436
371
209
129
10
257
47
291
234
194
70
304
221
104
212
277
113
175
491
232
186
435
204
210
157
470
13
305
103
296
389
331
291
488
73
386
149
166
118
152
193
198
494
436
196
197
421
456
126
85
181
129
17
190
7
264
76
314
165
420
47
220
23
300
466
92
490
59
474
281
163
374
315
318
78
401
55
157
51
5
32
330
259
421
195
469
137
498
39
432
414
238
308
473
274
144
131
375
395
24
47
188
160
127
385
155
326
113
406
356
415
184
84
220
228
234
115
29
221
69
395
173
17
238
122
247
181
295
117
75
442
371
251
391
407
214
7
200
267
66
413
215
195
442
132
427
173
496
449
459
175
221
358
453
275
45
382
176
323
333
373
143
454
168
457
54
397
262
233
106
283
64
446
45
42
388
143
4
298
405
220
31
110
64
119
154
92
388
84
77
100
83
355
176
332
188
300
21
62
141
462
286
203
474
137
245
359
62
290
286
29
476
98
451
229
202
331
467
423
211
313
156
328
127
129
340
186
337
311
371
142
373
334
58
431
246
105
93
19
257
365
406
471
410
170
282
470
483
239
425
388
165
21
446
391
495
409
52
418
38
149
257
416
283
400
125
343
450
100
378
260
136
262
201
444
55
449
265
146
110
190
371
270
245
345
207
194
272
297
162
27
317
188
277
55
122
289
102
215
78
311
136
13
400
289
233
359
188
354
298
325
351
277
120
176
330
218
47
177
388
474
387
372
351
206
134
348
446
139
367
418
367
88
226
414
256
41
197
185
382
421
331
206
129
370
56
95
348
16
18
136
325
77
248
148
215
430
314
40
463
43
475
149
389
332
1
244
431
108
451
249
197
491
412
240
208
283
425
98
349
5
433
99
6
36
255
330
87
184
67
46
127
246
382
429
158
303
329
51
486
343
421
127
464
131
145
242
248
319
60
455
212
318
147
7
93
104
100
321
155
385
407
277
214
358
241
129
2
91
205
209
182
462
138
372
381
24
304
250
467
459
299
386
249
232
63
454
478
326
96
70
485
153
401
343
139
321
7
276
460
1
215
153
136
210
150
329
205
102
354
380
170
431
343
220
445
484
112
236
183
220
124
401
87
267
487
367
253
397
105
375
435
111
88
44
39
356
58
292
265
141
138
419
384
410
306
207
102
372
451
452
436
392
325
305
441
223
84
179
379
399
420
14
378
240
97
126
159
248
434
243
57
100
460
416
358
112
194
226
113
406
125
412
183
358
300
443
226
153
223
114
338
448
342
493
227
84
63
498
403
209
360
432
173
424
336
18
169
14
89
140
138
242
462
105
254
306
59
114
5
341
472
193
204
480
135
226
376
267
188
88
174
482
351
44
304
91
153
301
196
464
256
64
417
166
429
471
470
59
474
434
115
95
388
419
53
265
359
170
397
63
2
37
276
22
400
207
75
120
474
339
202
423
454
266
479
357
216
233
416
486
478
484
9
223
255
434
442
186
121
30
296
24
142
286
118
339
401
83
467
326
271
272
278
94
178
486
490
203
281
29
137
108
278
159
311
362
351
311
379
31
377
485
19
285
235
76
473
177
198
301
55
38
298
121
395
185
90
391
498
401
127
106
12
151
303
491
315
408
5
199
26
38
55
199
495
277
122
140
21
257
14
473
339
53
383
87
325
55
396
441
316
99
42
320
50
301
173
183
202
305
183
98
390
456
243
348
426
111
181
328
459
350
4
55
402
70
372
109
164
495
406
395
302
331
63
195
355
397
402
97
195
433
357
497
251
362
187
424
114
374
493
405
398
416
188
289
140
348
490
400
224
400
34
230
280
492
407
278
27
334
117
467
441
350
406
138
73
491
360
69
40
95
104
288
310
66
5
487
334
342
348
239
31
64
495
199
348
101
129
65
221
398
20
70
327
139
306
138
158
320
340
181
470
125
136
465
280
100
253
401
296
75
367
252
190
374
431
295
340
113
246
226
143
315
358
105
13
108
346
245
276
171
252
45
324
181
489
337
299
362
146
433
341
479
359
440
354
123
232
364
171
11
82
383
216
231
140
43
421
96
135
446
43
63
31
241
67
310
393
251
361
174
256
431
350
472
12
195
60
223
296
121
326
449
85
205
164
405
356
182
420
125
132
213
275
83
241
75
362
18
50
465
108
84
78
320
152
9
40
71
174
42
480
312
247
181
364
51
276
333
456
177
473
162
469
98
87
11
217
292
244
310
131
281
270
196
474
330
493
362
235
34
201
130
484
277
357
30
198
421
94
83
320
264
492
237
301
465
473
457
262
302
61
406
357
131
163
312
239
52
332
381
177
474
199
81
435
170
479
154
263
468
274
70
487
469
137
155
445
83
120
258
167
197
434
363
436
325
472
152
51
87
218
482
360
195
59
276
399
68
395
345
332
314
365
31
382
9
331
70
43
334
219
385
293
276
481
366
90
241
97
398
46
33
498
113
468
160
399
263
92
243
304
122
197
418
272
446
301
172
226
159
19
300
498
104
461
365
62
443
430
198
289
306
262
58
104
448
62
223
313
25
23
324
414
372
57
259
135
154
389
402
370
150
61
458
255
160
417
144
290
332
422
250
337
142
225
310
168
63
427
112
237
373
333
112
431
270
130
73
384
424
378
347
338
453
391
259
116
205
106
261
57
273
210
177
55
190
398
420
222
336
324
400
173
237
68
303
195
250
237
389
221
215
320
121
61
146
63
309
287
247
5
467
337
467
20
393
314
85
261
338
225
329
400
222
23
80
145
350
199
259
102
136
269
384
82
33
109
62
52
431
38
356
286
26
493
447
420
43
382
212
277
256
168
394
15
489
290
204
255
233
255
59
128
41
154
99
331
20
188
235
370
343
179
375
24
155
363
114
174
36
300
432
468
375
15
266
210
344
385
187
457
374
59
318
391
97
249
191
278
52
83
438
468
204
260
397
236
234
357
195
438
245
66
382
385
255
218
374
102
107
296
208
212
462
387
238
103
330
358
205
422
242
309
93
165
278
276
250
473
40
325
359
55
158
367
93
193
2
66
138
426
476
375
4
107
412
192
477
300
121
53
404
51
428
217
261
373
472
88
240
234
267
439
259
194
193
106
179
137
47
110
492
484
213
472
211
11
246
338
117
498
344
457
460
234
456
311
10
344
490
347
404
440
58
349
227
89
457
479
356
139
261
428
387
262
72
197
346
434
101
235
412
68
52
183
101
73
439
6
368
203
353
147
25
225
321
348
401
115
176
355
25
262
157
453
16
444
234
31
164
312
158
103
86
87
472
205
453
461
219
106
135
15
45
160
156
288
68
312
2
468
71
199
184
315
430
148
30
92
469
56
158
491
208
146
420
404
57
406
328
77
294
229
305
140
22
19
400
66
29
153
36
187
400
295
402
318
86
254
470
234
307
40
442
145
122
349
377
179
347
39
207
400
463
440
332
108
345
174
207
464
292
43
166
274
441
24
132
110
409
362
184
101
446
138
263
386
476
187
22
147
382
375
177
464
426
333
8
294
178
496
424
401
217
151
485
153
156
433
77
326
14
80
473
285
150
453
407
312
68
461
480
343
422
262
60
117
105
330
183
113
407
361
359
430
378
153
474
235
285
354
395
496
241
13
209
47
406
209
234
247
94
36
187
55
233
368
490
36
420
424
103
2
130
468
101
154
279
256
359
322
116
327
464
35
134
336
194
35
54
282
95
415
219
217
180
251
165
345
188
238
286
132
93
443
262
151
354
226
92
489
145
106
202
69
477
347
259
194
481
163
183
345
394
313
298
19
181
213
295
159
183
350
64
400
339
254
12
424
29
151
180
16
63
18
241
236
106
310
107
176
441
392
4
379
23
10
0
81
218
158
382
360
235
373
233
221
38
427
480
7
343
154
131
210
180
171
403
246
487
393
345
124
291
176
477
282
441
150
84
470
43
68
362
8
198
202
19
197
135
243
121
95
184
369
85
252
430
144
329
389
283
141
141
27
368
311
426
357
129
382
70
130
82
496
168
35
85
152
243
313
426
420
326
113
479
83
66
492
308
374
66
495
60
295
334
233
366
447
404
395
192
489
63
220
185
92
95
278
80
228
123
166
261
46
379
204
325
305
109
329
477
375
180
392
246
282
196
254
311
4
51
128
330
450
480
100
413
98
477
433
246
401
299
396
93
43
28
204
132
387
401
359
52
72
309
420
401
340
23
390
13
248
187
296
461
194
425
202
116
67
414
183
179
138
311
74
143
419
425
355
21
474
198
43
284
470
386
243
72
12
318
439
244
274
416
65
211
295
461
54
52
47
319
256
366
431
301
296
411
46
186
4
234
3
271
134
426
417
301
204
456
272
318
239
397
151
456
67
55
350
40
187
296
493
3
148
477
74
166
229
291
228
323
37
306
30
126
136
2
222
248
487
150
25
93
285
369
470
479
294
333
310
327
188
194
145
85
278
372
456
435
366
38
298
291
300
244
113
250
16
251
358
489
321
208
238
2
176
432
53
183
107
401
481
177
146
105
128
446
309
39
87
96
230
347
499
405
259
463
13
129
443
483
20
319
488
287
440
223
150
320
70
367
107
172
483
12
244
181
20
494
399
236
141
153
294
275
400
380
140
241
458
296
289
102
270
447
375
97
361
128
438
306
316
241
112
288
386
349
233
447
146
489
125
87
244
128
343
271
93
233
311
423
221
151
152
41
39
69
329
441
437
241
205
0
391
242
3
178
294
229
64
412
339
165
325
361
265
290
49
62
424
312
150
142
266
311
144
374
211
364
58
64
446
37
322
129
42
82
175
248
110
289
396
477
422
424
123
209
361
338
2
138
9
186
143
299
204
226
198
327
63
179
333
81
23
331
213
42
417
299
353
461
247
251
260
382
163
316
372
95
18
299
437
